# Matter power spectrum P(k) at redshift z=2.34
# for k=1.04504e-05 to 1.08139 h/Mpc,
# number of wavenumbers equal to 602
#    1:k (h/Mpc)              2:P (Mpc/h)^3        
       1.045043559883e-05       6.857452581226e+00 
       2.334705899288e-05       1.489373053383e+01 
       3.628911338665e-05       2.279385501081e+01 
       4.931150537286e-05       3.064119532005e+01 
       6.244972000578e-05       3.848350237943e+01 
       7.574013797889e-05       4.635676054565e+01 
       8.922036296428e-05       5.429187047885e+01 
       1.029295634772e-04       6.231739806710e+01 
       1.169088336628e-04       7.046098145311e+01 
       1.312015774358e-04       7.875018811423e+01 
       1.458539204086e-04       8.721311367064e+01 
       1.609151539846e-04       9.587885067453e+01 
       1.764382158079e-04       1.047778894332e+02 
       1.924802103879e-04       1.139424883234e+02 
       2.091029730455e-04       1.234070280510e+02 
       2.263736792325e-04       1.332083644087e+02 
       2.443654995837e-04       1.433861820125e+02 
       2.631582985472e-04       1.539833528956e+02 
       2.828393708261e-04       1.650462951677e+02 
       3.035042048254e-04       1.766253273916e+02 
       3.252572554372e-04       1.887750064221e+02 
       3.482126994127e-04       2.015544325077e+02 
       3.724951348840e-04       2.150274965899e+02 
       3.982401720480e-04       2.292630409288e+02 
       4.255948446511e-04       2.443348884277e+02 
       4.547177522709e-04       2.603216915106e+02 
       4.857788228704e-04       2.773065374344e+02 
       5.189585663350e-04       2.953762434718e+02 
       5.544466768968e-04       3.146202668960e+02 
       5.924398414943e-04       3.351291634379e+02 
       6.331386297303e-04       3.569925430060e+02 
       6.767433871943e-04       3.802965057014e+02 
       7.234491339261e-04       4.051205916972e+02 
       7.734395852606e-04       4.315343511614e+02 
       8.268805560679e-04       4.595937173980e+02 
       8.839131626227e-04       4.893374603742e+02 
       9.446473683976e-04       5.207840337222e+02 
       1.009156493605e-03       5.539291820072e+02 
       1.077473289742e-03       5.887446001827e+02 
       1.149588053315e-03       6.251778667815e+02 
       1.225449028764e-03       6.631537055121e+02 
       1.304965070185e-03       7.025764555176e+02 
       1.388010254421e-03       7.433301916099e+02 
       1.474429923914e-03       7.852899747989e+02 
       1.564047526118e-03       8.283238509595e+02 
       1.656671616674e-03       8.722930915251e+02 
       1.752102486441e-03       9.170582248384e+02 
       1.850138021057e-03       9.624822429870e+02 
       1.950578566090e-03       1.008433135030e+03 
       2.053230719410e-03       1.054785896600e+03 
       2.157910086799e-03       1.101423768600e+03 
       2.264443111530e-03       1.148239129592e+03 
       2.372668127144e-03       1.195133799098e+03 
       2.482435793201e-03       1.242019032722e+03 
       2.593609065572e-03       1.288815227088e+03 
       2.706062834189e-03       1.335451404513e+03 
       2.819683338134e-03       1.381864677211e+03 
       2.934367444724e-03       1.427999397308e+03 
       3.050021858134e-03       1.473806694011e+03 
       3.166562305179e-03       1.519243611748e+03 
       3.283912731392e-03       1.564272716966e+03 
       3.402004529313e-03       1.608861651548e+03 
       3.520775812448e-03       1.652981828446e+03 
       3.640170742224e-03       1.696609244862e+03 
       3.760138910953e-03       1.739723198283e+03 
       3.880634780814e-03       1.782305848192e+03 
       4.001617177022e-03       1.824342581194e+03 
       4.123048832089e-03       1.865820616772e+03 
       4.244895977513e-03       1.906730026151e+03 
       4.367127978895e-03       1.947062111283e+03 
       4.489717010466e-03       1.986810033411e+03 
       4.612637765135e-03       2.025969595096e+03 
       4.735867196368e-03       2.064535526082e+03 
       4.859384288488e-03       2.102506453178e+03 
       4.983169852262e-03       2.139879828452e+03 
       5.107206342960e-03       2.176654503841e+03 
       5.231477698332e-03       2.212832479380e+03 
       5.355969194236e-03       2.248412408610e+03 
       5.480667315891e-03       2.283396142024e+03 
       5.605559642967e-03       2.317785641171e+03 
       5.730634746920e-03       2.351583595093e+03 
       5.855882099172e-03       2.384792301644e+03 
       5.981291988902e-03       2.417415155355e+03 
       6.106855449352e-03       2.449456021058e+03 
       6.232564191688e-03       2.480918461889e+03 
       6.358410545578e-03       2.511805554738e+03 
       6.484387405728e-03       2.542123038241e+03 
       6.610488183727e-03       2.571874614947e+03 
       6.736706764615e-03       2.601064778918e+03 
       6.863037467669e-03       2.629698894138e+03 
       6.989475010946e-03       2.657781698239e+03 
       7.116014479189e-03       2.685317316727e+03 
       7.242651294739e-03       2.712311047051e+03 
       7.369381191145e-03       2.738768667795e+03 
       7.496200189184e-03       2.764693851653e+03 
       7.623104575058e-03       2.790094567670e+03 
       7.750090880534e-03       2.814970979529e+03 
       7.877155864848e-03       2.839343570270e+03 
       8.004296498182e-03       2.863240752089e+03 
       8.131509946580e-03       2.886623581659e+03 
       8.258793558143e-03       2.909455201150e+03 
       8.386144850396e-03       2.931796127212e+03 
       8.513561498714e-03       2.953649050478e+03 
       8.641041325700e-03       2.975021525853e+03 
       8.768582291434e-03       2.995917247860e+03 
       8.896182484511e-03       3.016338145683e+03 
       9.023840113803e-03       3.036289987958e+03 
       9.151553500863e-03       3.055778276008e+03 
       9.279321072939e-03       3.074808635290e+03 
       9.407141356522e-03       3.093384846275e+03 
       9.535012971395e-03       3.111511017022e+03 
       9.662934625138e-03       3.129194650913e+03 
       9.790905108043e-03       3.146444003974e+03 
       9.918923288422e-03       3.163257862627e+03 
       1.004698810825e-02       3.179640686538e+03 
       1.017509857914e-02       3.195600482496e+03 
       1.030325377861e-02       3.211134366444e+03 
       1.043145284664e-02       3.226269610907e+03 
       1.055969498240e-02       3.240986750615e+03 
       1.068797944137e-02       3.255299449617e+03 
       1.081630553247e-02       3.269212305789e+03 
       1.094467261556e-02       3.282726565968e+03 
       1.107308009902e-02       3.295851676884e+03 
       1.120152743754e-02       3.308589574108e+03 
       1.133001413005e-02       3.320945806992e+03 
       1.145853971781e-02       3.332923751266e+03 
       1.158710378262e-02       3.344525057720e+03 
       1.171570594514e-02       3.355760112589e+03 
       1.184434586337e-02       3.366632527185e+03 
       1.197302323122e-02       3.377140475164e+03 
       1.210173777714e-02       3.387293376348e+03 
       1.223048926291e-02       3.397091937078e+03 
       1.235927748246e-02       3.406544941846e+03 
       1.248810226081e-02       3.415657451905e+03 
       1.261696345308e-02       3.424420416728e+03 
       1.274586094355e-02       3.432852305225e+03 
       1.287479464481e-02       3.440954832983e+03 
       1.300376449696e-02       3.448726542874e+03 
       1.313277046690e-02       3.456174932884e+03 
       1.326181254760e-02       3.463306664169e+03 
       1.339089075752e-02       3.470119001686e+03 
       1.352000514002e-02       3.476619966738e+03 
       1.364915576281e-02       3.482811998935e+03 
       1.377834271748e-02       3.488700904251e+03 
       1.390756611905e-02       3.494286380344e+03 
       1.403682610559e-02       3.499573947872e+03 
       1.416612283780e-02       3.504569365459e+03 
       1.429545649872e-02       3.509274739517e+03 
       1.442482729342e-02       3.513693476845e+03 
       1.455423544873e-02       3.517827640587e+03 
       1.468368121300e-02       3.521687005991e+03 
       1.481316485591e-02       3.525267625526e+03 
       1.494268666828e-02       3.528575715626e+03 
       1.507224696193e-02       3.531614452756e+03 
       1.520184606953e-02       3.534387104267e+03 
       1.533148434454e-02       3.536900447494e+03 
       1.546116216110e-02       3.539154315361e+03 
       1.559087991400e-02       3.541155777140e+03 
       1.572063801862e-02       3.542902686409e+03 
       1.585043691097e-02       3.544402442331e+03 
       1.598027704764e-02       3.545654338482e+03 
       1.611015890590e-02       3.546665318756e+03 
       1.624008298370e-02       3.547441317366e+03 
       1.637004979976e-02       3.547978417465e+03 
       1.650005989367e-02       3.548282741118e+03 
       1.663011382600e-02       3.548357084978e+03 
       1.676021217840e-02       3.548203178305e+03 
       1.689035555378e-02       3.547837833302e+03 
       1.702054457645e-02       3.547244495976e+03 
       1.715077989232e-02       3.546438101623e+03 
       1.728106216910e-02       3.545412047190e+03 
       1.741139209646e-02       3.544177236115e+03 
       1.754177038635e-02       3.542737405000e+03 
       1.767219777319e-02       3.541093193921e+03 
       1.780267501413e-02       3.539246817689e+03 
       1.793320288938e-02       3.537201174788e+03 
       1.806378220246e-02       3.534959475071e+03 
       1.819441378054e-02       3.532522768001e+03 
       1.832509847477e-02       3.529899001125e+03 
       1.845583716061e-02       3.527085649886e+03 
       1.858663073823e-02       3.524091607902e+03 
       1.871748013287e-02       3.520912694689e+03 
       1.884838629522e-02       3.517555824749e+03 
       1.897935020188e-02       3.514013962614e+03 
       1.911037285577e-02       3.510312113011e+03 
       1.924145528657e-02       3.506438891977e+03 
       1.937259855121e-02       3.502391273722e+03 
       1.950380373436e-02       3.498180691012e+03 
       1.963507194890e-02       3.493812443909e+03 
       1.976640433650e-02       3.489276383445e+03 
       1.989780206810e-02       3.484586699143e+03 
       2.002926634454e-02       3.479747168600e+03 
       2.016079839707e-02       3.474748957487e+03 
       2.029239948802e-02       3.469601262356e+03 
       2.042407091138e-02       3.464306771166e+03 
       2.055581399345e-02       3.458869949480e+03 
       2.068763009351e-02       3.453285966690e+03 
       2.081952060452e-02       3.447570751787e+03 
       2.095148695381e-02       3.441715397191e+03 
       2.108353060382e-02       3.435723862329e+03 
       2.121565305285e-02       3.429599585095e+03 
       2.134785583585e-02       3.423340907230e+03 
       2.148014052522e-02       3.416967396238e+03 
       2.161250873164e-02       3.410455874571e+03 
       2.174496210493e-02       3.403829604287e+03 
       2.187750233493e-02       3.397077441872e+03 
       2.201013115241e-02       3.390211598648e+03 
       2.214285033001e-02       3.383228726028e+03 
       2.227566168323e-02       3.376131540966e+03 
       2.240856707139e-02       3.368924420573e+03 
       2.254156839870e-02       3.361604690861e+03 
       2.267466761529e-02       3.354178769331e+03 
       2.280786671835e-02       3.346651517111e+03 
       2.294116775320e-02       3.339019113926e+03 
       2.307457281452e-02       3.331286440210e+03 
       2.320808404750e-02       3.323454783338e+03 
       2.334170364913e-02       3.315530299659e+03 
       2.347543386942e-02       3.307503405284e+03 
       2.360927701278e-02       3.299385530941e+03 
       2.374323543936e-02       3.291181093580e+03 
       2.387731156642e-02       3.282876154813e+03 
       2.401150786985e-02       3.274506513025e+03 
       2.414582688559e-02       3.266040935647e+03 
       2.428027121125e-02       3.257495158077e+03 
       2.441484350763e-02       3.248874365066e+03 
       2.454954650042e-02       3.240142105203e+03 
       2.468438298188e-02       3.231380382745e+03 
       2.481935581259e-02       3.222525677398e+03 
       2.495446792328e-02       3.213597794669e+03 
       2.508972231667e-02       3.204567932520e+03 
       2.522512206943e-02       3.195510299444e+03 
       2.536067033418e-02       3.186361468695e+03 
       2.549637034153e-02       3.177181070462e+03 
       2.563222540224e-02       3.167869094419e+03 
       2.576823890939e-02       3.158541704415e+03 
       2.590441434073e-02       3.149153298979e+03 
       2.604075526096e-02       3.139696817841e+03 
       2.617726532421e-02       3.130194270732e+03 
       2.631394827657e-02       3.120670049107e+03 
       2.645080795869e-02       3.111015684446e+03 
       2.658784830849e-02       3.101364516273e+03 
       2.672507336393e-02       3.091641049468e+03 
       2.686248726597e-02       3.081883350361e+03 
       2.700009426151e-02       3.072080585665e+03 
       2.713789870655e-02       3.062203722852e+03 
       2.727590506935e-02       3.052304559224e+03 
       2.741411793386e-02       3.042327514606e+03 
       2.755254200309e-02       3.032364050403e+03 
       2.769118210274e-02       3.022330185478e+03 
       2.783004318496e-02       3.012256975617e+03 
       2.796913033215e-02       3.002146212568e+03 
       2.810844876100e-02       2.991999435885e+03 
       2.824800382665e-02       2.981818783417e+03 
       2.838780102701e-02       2.971596451869e+03 
       2.852784600726e-02       2.961352478311e+03 
       2.866814456447e-02       2.951073016503e+03 
       2.880870265251e-02       2.940756833665e+03 
       2.894952638702e-02       2.930429838461e+03 
       2.909062205069e-02       2.920044553279e+03 
       2.923199609870e-02       2.909677634135e+03 
       2.937365516437e-02       2.899258892831e+03 
       2.951560606508e-02       2.888821337232e+03 
       2.965785580838e-02       2.878359663868e+03 
       2.980041159843e-02       2.867881651826e+03 
       2.994328084261e-02       2.857369641226e+03 
       3.008647115852e-02       2.846842989766e+03 
       3.022999038115e-02       2.836298076830e+03 
       3.037384657048e-02       2.825742382270e+03 
       3.051804801936e-02       2.815168119555e+03 
       3.066260326168e-02       2.804579566477e+03 
       3.080752108097e-02       2.793979484668e+03 
       3.095281051938e-02       2.783356484266e+03 
       3.109848088701e-02       2.772726438026e+03 
       3.124454177173e-02       2.762083188283e+03 
       3.139100304937e-02       2.751431238930e+03 
       3.153787489443e-02       2.740754197707e+03 
       3.168516779129e-02       2.730088059738e+03 
       3.183289254592e-02       2.719402872734e+03 
       3.198106029818e-02       2.708724232048e+03 
       3.212968253463e-02       2.698010914810e+03 
       3.227877110206e-02       2.687323130092e+03 
       3.242833822161e-02       2.676613843043e+03 
       3.257839650361e-02       2.665903031059e+03 
       3.272895896313e-02       2.655181978812e+03 
       3.288003903635e-02       2.644475176793e+03 
       3.303165059773e-02       2.633757147648e+03 
       3.318380797808e-02       2.623037701720e+03 
       3.333652598352e-02       2.612297592020e+03 
       3.348981991548e-02       2.601578686859e+03 
       3.364370559176e-02       2.590853682454e+03 
       3.379819936862e-02       2.580126906063e+03 
       3.395331816421e-02       2.569399222165e+03 
       3.410907948312e-02       2.558692005510e+03 
       3.426550144241e-02       2.547962667929e+03 
       3.442260279899e-02       2.537239962132e+03 
       3.458040297864e-02       2.526531190209e+03 
       3.473892210656e-02       2.515807737815e+03 
       3.489818103979e-02       2.505107966944e+03 
       3.505820140144e-02       2.494408933622e+03 
       3.521900561700e-02       2.483696416323e+03 
       3.538061695271e-02       2.473000205832e+03 
       3.554305955640e-02       2.462310241355e+03 
       3.570635850064e-02       2.451614883528e+03 
       3.587053982870e-02       2.440921544918e+03 
       3.603563060329e-02       2.430248608411e+03 
       3.620165895840e-02       2.419572806088e+03 
       3.636865415450e-02       2.408906218380e+03 
       3.653664663726e-02       2.398237459735e+03 
       3.670566810017e-02       2.387584687063e+03 
       3.687575155127e-02       2.376930466355e+03 
       3.704693138443e-02       2.366274675372e+03 
       3.721924345544e-02       2.355638053238e+03 
       3.739272516344e-02       2.345002767175e+03 
       3.756741553793e-02       2.334369641140e+03 
       3.774335533209e-02       2.323733556694e+03 
       3.792058712273e-02       2.313120332249e+03 
       3.809915541757e-02       2.302501884224e+03 
       3.827910677051e-02       2.291883360382e+03 
       3.846048990543e-02       2.281280302965e+03 
       3.864335584957e-02       2.270673926184e+03 
       3.882775807715e-02       2.260075450961e+03 
       3.901375266426e-02       2.249473978477e+03 
       3.920139845614e-02       2.238878772364e+03 
       3.939075724790e-02       2.228286440636e+03 
       3.958189398023e-02       2.217701292327e+03 
       3.977487695134e-02       2.207107560177e+03 
       3.996977804688e-02       2.196518634883e+03 
       4.016667298975e-02       2.185927183457e+03 
       4.036564161176e-02       2.175338969238e+03 
       4.056676814945e-02       2.164751955640e+03 
       4.077014156680e-02       2.154160549371e+03 
       4.097585590764e-02       2.143564591249e+03 
       4.118401068112e-02       2.132958766150e+03 
       4.139471128403e-02       2.122350706445e+03 
       4.160806946412e-02       2.111742642108e+03 
       4.182420382935e-02       2.101123708573e+03 
       4.204324040846e-02       2.090494147831e+03 
       4.226531326925e-02       2.079855825253e+03 
       4.249056520155e-02       2.069211187493e+03 
       4.271914847328e-02       2.058548766423e+03 
       4.295122566886e-02       2.047863974492e+03 
       4.318697062091e-02       2.037168271392e+03 
       4.342656944779e-02       2.026455825265e+03 
       4.367022171141e-02       2.015732608001e+03 
       4.391814171223e-02       2.004971188047e+03 
       4.417055994104e-02       1.994197896210e+03 
       4.442772471044e-02       1.983377989162e+03 
       4.468990399286e-02       1.972550303444e+03 
       4.495738749667e-02       1.961684075912e+03 
       4.523048901762e-02       1.950772606105e+03 
       4.550954910955e-02       1.939829436019e+03 
       4.579493812670e-02       1.928837829359e+03 
       4.608705969988e-02       1.917812658258e+03 
       4.638635472099e-02       1.906727346133e+03 
       4.669330592538e-02       1.895576256019e+03 
       4.700844317978e-02       1.884380210348e+03 
       4.733234960651e-02       1.873114625164e+03 
       4.766566870246e-02       1.861776641406e+03 
       4.800911264662e-02       1.850353346750e+03 
       4.836347203349e-02       1.838853179880e+03 
       4.872962732488e-02       1.827250993102e+03 
       4.910856238145e-02       1.815542504818e+03 
       4.950138052308e-02       1.803735891948e+03 
       4.990932367814e-02       1.791793408153e+03 
       5.033379532266e-02       1.779714256363e+03 
       5.077638809051e-02       1.767476418154e+03 
       5.123891716500e-02       1.755071142137e+03 
       5.172346085387e-02       1.742476641645e+03 
       5.223241012023e-02       1.729669523000e+03 
       5.276852930603e-02       1.716608726743e+03 
       5.333503085973e-02       1.703290045332e+03 
       5.393566756948e-02       1.689644289098e+03 
       5.457484658946e-02       1.675632347965e+03 
       5.525777035170e-02       1.661205234408e+03 
       5.599061007700e-02       1.646312921981e+03 
       5.678071757958e-02       1.630791188968e+03 
       5.763687944985e-02       1.614579126330e+03 
       5.856961261463e-02       1.597483968092e+03 
       5.959148818900e-02       1.579304625541e+03 
       6.071744529171e-02       1.559772243316e+03 
       6.196500854001e-02       1.538502972978e+03 
       6.335424080508e-02       1.515002583366e+03 
       6.490714264572e-02       1.488614193758e+03 
       6.664608428677e-02       1.458506671557e+03 
       6.859085051616e-02       1.423700128559e+03 
       7.075425341922e-02       1.383159293880e+03 
       7.313726537849e-02       1.336040303733e+03 
       7.572591328790e-02       1.282022570302e+03 
       7.849237688686e-02       1.221627831147e+03 
       8.140061921454e-02       1.156341257645e+03 
       8.441382998654e-02       1.088447955812e+03 
       8.750014532452e-02       1.020590874100e+03 
       9.063507513431e-02       9.553917336543e+02 
       9.380129900181e-02       8.950018429242e+02 
       9.698723487944e-02       8.409716262338e+02 
       1.001854157166e-01       7.941271489646e+02 
       1.033911378694e-01       7.546575219208e+02 
       1.066014809883e-01       7.221487466017e+02 
       1.098146479674e-01       6.957534112235e+02 
       1.130295388445e-01       6.743116933699e+02 
       1.162454824875e-01       6.564653460468e+02 
       1.194620701259e-01       6.408449848356e+02 
       1.226790529842e-01       6.260855794701e+02 
       1.258962796705e-01       6.110525567565e+02 
       1.291136580037e-01       5.948714653771e+02 
       1.323311317858e-01       5.770116606034e+02 
       1.355486666836e-01       5.572998080112e+02 
       1.387662416528e-01       5.359024784583e+02 
       1.419838437306e-01       5.132623386821e+02 
       1.452014648738e-01       4.899994814689e+02 
       1.484191000382e-01       4.668224622531e+02 
       1.516367460126e-01       4.444278938351e+02 
       1.548544007099e-01       4.234192574332e+02 
       1.580720627355e-01       4.042775518494e+02 
       1.612897311252e-01       3.872900014489e+02 
       1.645074051845e-01       3.725628111901e+02 
       1.677250843908e-01       3.600349001947e+02 
       1.709427683333e-01       3.495176471478e+02 
       1.741604566754e-01       3.406801910010e+02 
       1.773781491322e-01       3.331368581942e+02 
       1.805958454552e-01       3.264632670147e+02 
       1.838135454237e-01       3.202760096200e+02 
       1.870312488379e-01       3.142025503087e+02 
       1.902489555157e-01       3.078669446526e+02 
       1.934666652893e-01       3.010357632525e+02 
       1.966843780033e-01       2.935823099076e+02 
       1.999020935132e-01       2.854988462151e+02 
       2.031198116843e-01       2.768789063989e+02 
       2.063375323907e-01       2.678975785133e+02 
       2.095552555144e-01       2.587753598506e+02 
       2.127729809447e-01       2.497436525667e+02 
       2.159907085776e-01       2.410090219975e+02 
       2.192084383155e-01       2.327473612748e+02 
       2.224261700661e-01       2.250891266085e+02 
       2.256439037428e-01       2.181168271384e+02 
       2.288616392639e-01       2.118631401849e+02 
       2.320793765519e-01       2.063230324901e+02 
       2.352971155340e-01       2.014329652362e+02 
       2.385148561410e-01       1.971122012369e+02 
       2.417325983078e-01       1.932388116715e+02 
       2.449503419723e-01       1.896746155585e+02 
       2.481680870761e-01       1.862839009523e+02 
       2.513858335634e-01       1.829454021623e+02 
       2.546035813815e-01       1.795564657215e+02 
       2.578213304802e-01       1.760499951207e+02 
       2.610390808120e-01       1.723906373487e+02 
       2.642568323314e-01       1.685693811735e+02 
       2.674745849953e-01       1.646042375686e+02 
       2.706923387628e-01       1.605347047815e+02 
       2.739100935947e-01       1.564146469837e+02 
       2.771278494536e-01       1.523167244809e+02 
       2.803456063041e-01       1.483061848920e+02 
       2.835633641122e-01       1.444509463566e+02 
       2.867811228454e-01       1.408033982019e+02 
       2.899988824729e-01       1.373985820912e+02 
       2.932166429649e-01       1.342493015779e+02 
       2.964344042933e-01       1.313543123691e+02 
       2.996521664308e-01       1.286929165906e+02 
       3.028699293517e-01       1.262331028099e+02 
       3.060876930310e-01       1.239399832139e+02 
       3.093054574450e-01       1.217743317008e+02 
       3.125232225708e-01       1.196966474808e+02 
       3.157409883866e-01       1.176690082348e+02 
       3.189587548714e-01       1.156573741747e+02 
       3.221765220050e-01       1.136349500305e+02 
       3.253942897681e-01       1.115840439298e+02 
       3.286120581422e-01       1.094984212815e+02 
       3.318298271093e-01       1.073817731351e+02 
       3.350475966524e-01       1.052472441043e+02 
       3.382653667547e-01       1.031128325632e+02 
       3.414831374006e-01       1.009980188876e+02 
       3.447009085747e-01       9.892227913444e+01 
       3.479186802623e-01       9.690331067293e+01 
       3.511364524492e-01       9.495491461321e+01 
       3.543542251217e-01       9.308899187866e+01 
       3.575719982667e-01       9.131292178743e+01 
       3.607897718714e-01       8.963043409320e+01 
       3.640075459237e-01       8.803939435663e+01 
       3.672253204117e-01       8.653236487985e+01 
       3.704430953240e-01       8.509780204405e+01 
       3.736608706496e-01       8.372161831240e+01 
       3.768786463778e-01       8.238927573266e+01 
       3.800964224985e-01       8.108777638282e+01 
       3.833141990016e-01       7.980677907880e+01 
       3.865319758776e-01       7.853897106331e+01 
       3.897497531172e-01       7.727863421531e+01 
       3.929675307115e-01       7.602546575872e+01 
       3.961853086517e-01       7.477549921183e+01 
       3.994030869294e-01       7.353158250543e+01 
       4.026208655367e-01       7.229641630782e+01 
       4.058386444654e-01       7.107490048720e+01 
       4.090564237082e-01       6.987169141493e+01 
       4.122742032575e-01       6.869366373150e+01 
       4.154919831063e-01       6.754589792295e+01 
       4.187097632475e-01       6.643229073281e+01 
       4.219275436745e-01       6.535420851170e+01 
       4.251453243808e-01       6.431195515552e+01 
       4.283631053601e-01       6.330447330970e+01 
       4.315808866061e-01       6.233036064603e+01 
       4.347986681131e-01       6.138785078209e+01 
       4.380164498751e-01       6.047478963992e+01 
       4.412342318867e-01       5.958840472002e+01 
       4.444520141423e-01       5.872512298737e+01 
       4.476697966367e-01       5.788087526633e+01 
       4.508875793647e-01       5.705173245148e+01 
       4.541053623214e-01       5.623437145770e+01 
       4.573231455020e-01       5.542662582572e+01 
       4.605409289016e-01       5.462778316259e+01 
       4.637587125158e-01       5.383790619543e+01 
       4.669764963401e-01       5.305758636061e+01 
       4.701942803702e-01       5.228761806192e+01 
       4.734120646018e-01       5.152869316130e+01 
       4.766298490308e-01       5.078166208317e+01 
       4.798476336533e-01       5.004761731390e+01 
       4.830654184655e-01       4.932809189697e+01 
       4.862832034634e-01       4.862475340956e+01 
       4.895009886435e-01       4.793899274370e+01 
       4.927187740021e-01       4.727151742113e+01 
       4.959365595358e-01       4.662206563695e+01 
       4.991543452412e-01       4.598976266593e+01 
       5.023721311149e-01       4.537306712950e+01 
       5.055899171538e-01       4.477028333927e+01 
       5.088077033547e-01       4.418009046252e+01 
       5.120254897145e-01       4.360137511585e+01 
       5.152432762303e-01       4.303325336482e+01 
       5.184610628990e-01       4.247487914031e+01 
       5.216788497180e-01       4.192532839390e+01 
       5.248966366845e-01       4.138359636789e+01 
       5.281144237956e-01       4.084897840967e+01 
       5.313322110488e-01       4.032117062224e+01 
       5.345499984415e-01       3.980036764714e+01 
       5.377677859713e-01       3.928721375793e+01 
       5.409855736355e-01       3.878250459260e+01 
       5.442033614320e-01       3.828677684788e+01 
       5.474211493582e-01       3.780033454183e+01 
       5.506389374120e-01       3.732318664610e+01 
       5.538567255910e-01       3.685499084889e+01 
       5.570745138933e-01       3.639552799727e+01 
       5.602923023165e-01       3.594474227428e+01 
       5.635100908586e-01       3.550291647459e+01 
       5.667278795176e-01       3.506979691748e+01 
       5.699456682915e-01       3.464531746947e+01 
       5.731634571784e-01       3.422900625891e+01 
       5.763812461763e-01       3.382017651421e+01 
       5.795990352835e-01       3.341816831159e+01 
       5.828168244980e-01       3.302240317737e+01 
       5.860346138182e-01       3.263262278632e+01 
       5.892524032422e-01       3.224877777606e+01 
       5.924701927685e-01       3.187091383929e+01 
       5.956879823953e-01       3.149896789782e+01 
       5.989057721209e-01       3.113274707583e+01 
       6.021235619439e-01       3.077194534350e+01 
       6.053413518627e-01       3.041629431985e+01 
       6.085591418757e-01       3.006567817954e+01 
       6.117769319814e-01       2.972021598428e+01 
       6.149947221784e-01       2.938018701987e+01 
       6.182125124653e-01       2.904588232438e+01 
       6.214303028407e-01       2.871740067620e+01 
       6.246480933031e-01       2.839462988970e+01 
       6.278658838513e-01       2.807728791441e+01 
       6.310836744839e-01       2.776508007845e+01 
       6.343014651996e-01       2.745776720196e+01 
       6.375192559972e-01       2.715520779251e+01 
       6.407370468755e-01       2.685753417267e+01 
       6.439548378332e-01       2.656471425568e+01 
       6.471726288691e-01       2.627666159058e+01 
       6.503904199821e-01       2.599311744490e+01 
       6.536082111711e-01       2.571373540973e+01 
       6.568260024348e-01       2.543824970959e+01 
       6.600437937723e-01       2.516644200414e+01 
       6.632615851824e-01       2.489834211643e+01 
       6.664793766642e-01       2.463406495516e+01 
       6.696971682165e-01       2.437371074478e+01 
       6.729149598383e-01       2.411729145451e+01 
       6.761327515287e-01       2.386480382176e+01 
       6.793505432866e-01       2.361588280278e+01 
       6.825683351112e-01       2.337040295523e+01 
       6.857861270014e-01       2.312828100303e+01 
       6.890039189564e-01       2.288958267639e+01 
       6.922217109752e-01       2.265439710260e+01 
       6.954395030570e-01       2.242282570638e+01 
       6.986572952008e-01       2.219484638237e+01 
       7.018750874059e-01       2.197032167667e+01 
       7.050928796714e-01       2.174904550632e+01 
       7.083106719965e-01       2.153076526320e+01 
       7.115284643803e-01       2.131539659690e+01 
       7.147462568221e-01       2.110291986834e+01 
       7.179640493210e-01       2.089341313651e+01 
       7.211818418764e-01       2.068693207438e+01 
       7.243996344874e-01       2.048342401587e+01 
       7.276174271533e-01       2.028276204482e+01 
       7.308352198734e-01       2.008475728281e+01 
       7.340530126470e-01       1.988926366542e+01 
       7.372708054734e-01       1.969623410105e+01 
       7.404885983519e-01       1.950565729783e+01 
       7.437063912817e-01       1.931772184142e+01 
       7.469241842623e-01       1.913237996274e+01 
       7.501419772930e-01       1.894966890737e+01 
       7.533597703732e-01       1.876949765869e+01 
       8.226913848915e-01       1.540350984528e+01 
       9.227253610244e-01       1.187247104009e+01 
       1.081389060758e+00       8.243153992691e+00 
